1673985
4977
1090872
1423689
5272
1086222
915913
1101215
352541
1411207
1002910
6201
4962
1562401
1053507
820313
1365916
1043219
1598968
1433270
1841666
1739445
1080709
1674862
1521722
915912
9984
10456
10795
1705873
1280058
1664703
1996862
1579298
16040
858470
1133470
1035201
928022
721371
1783180
1596783
18230
1576940
1043277
1730346
892553
1627223
1383650
1058090
831001
759944
1070412
215466
1050797
1517228
23217
1677703
711404
1320461
1136352
1051470
277948
26172
1628369
64803
1553023
313616
916540
315189
1090012
1679688
715957
1751788
1666700
1322439
31462
1333493
1421517
1757073
1592057
33213
1747009
78128
920522
1001250
1109357
1048911
35527
866374
30625
850209
40704
1467858
903129
1408075
923120
43920
45876
354707
1172222
765880
47111
4447
1645590
859737
354950
4281
47217
1307954
51143
879169
1145197
50863
51253
51644
728535
1689796
200406
833444
19617
886346
795266
1357615
55067
1418135
55772
55785
1714973
56873
707549
1679273
1300514
842162
1712184
1977303
1065696
1397911
1489393
36270
912242
794367
1510295
1048286
1520006
1540184
310158
1099219
723125
1802974
1103982
1059556
70145
1296435
356309
1164727
1492633
72207
1513761
1013871
1002517
1045810
1097864
1039684
775158
75208
1792580
75252
1370946
1617406
1594466
1633917
77877
77476
1413329
1534701
802481
1038357
1581990
1338749
79879
922224
80424
1137774
1393311
78239
1577368
1037038
315852
910606
1281761
1407623
1479290
82811
1024478
84748
64040
1108524
912603
1690334
1032208
89800
894315
1032033
1564408
92122
92380
1575515
1772695
1469367
1710583
1113169
1116132
1389170
27419
1562476
1477449
98222
794170
1455684
916365
86312
1320695
99780
1519061
92230
1008654
1418091
74208
1020859
1067701
1082554
894627
812011
2041610
1403161
1692819
1124610
899689
1288403
1618921
1744489
1691303
30697
1365135
1309108
106640
107263
719955
1174922
1166003
1524472
1555280
91419
750556
1790982
912463
1666138

