028070
001449
126554
179889
001487
125595
029751
143974
011554
177966
010860
001045
001447
017639
105365
014282
184717
065556
031109
018465
001678
035978
328795
138122
001794
027014
029875
002049
002086
002111
013431
260893
033668
144435
018675
002593
020548
147708
002628
015060
002751
036191
020228
002817
018004
065609
033596
025964
022741
176914
165914
003243
021825
120093
003153
105936
018036
003362
028719
003504
163765
162894
113490
002574
003650
033809
007241
016116
003735
030651
003835
014934
183603
004029
034443
004060
163685
004213
174389
179738
035497
023296
004430
034337
008542
030293
061567
008539
004598
004640
030170
004108
011584
005071
005073
028408
025389
030463
005338
063447
005496
005526
060902
013125
005597
001380
026156
020904
005680
028192
005606
162401
006066
029127
177227
006008
006078
006136
005783
032154
009777
006266
006268
002968
025922
012689
174310
006375
028877
006433
006435
031553
006502
006565
028790
161844
016477
024724
034048
155394
178519
294524
004699
029868
004611
186989
028930
187812
035374
007257
133768
007343
037019
142953
139665
007637
007733
162264
007849
007881
100873
007912
104432
135990
061685
117768
134932
008151
011721
008210
011781
008213
008214
027394
020298
024616
008512
008479
179621
170841
012785
014359
018468
008692
008247
008455
008762
143356
010096
008551
018573
064891
006788
029099
004674
178539
019471
009016
009203
009216
007163
157855
029217
031384
008272
009667
027780
020430
030091
009850
009882
017934
035395
024905
011856
032469
012138
140541
185532
003813
016653
024249
010565
012395
027574
029736
062689
163983
010735
187551
011856
062897
018872
010894
063927
066065
121440
027199
064344
013714
179534
157373
178083
011220
160341
011264
003980
030397
003708
175263
162385
011465
011506
011511
149318
144998
189491
013721